'''
这里涉及一个度：多少类的数据适宜对待为自身没有意义的类别型数据？
#499种变化的铁钉是数值型了，但是13类的呢？
10-15类也许是数值型，但限于精度的表示，
所有数据一定要归一化是在于，数据本身的数字没有意义，但他们的相对位置很有意义，也就是排名和归一化能反映出的分布状态

特征分类：
无档位型高精度特征：500样本有50个以上的类型
无档位型低精度特征：20-50种，数值型
有档位型有顺序特征：10-20种，变为排名并保留原数据
有档位型无顺序特征：tool，5种以下的类型 ，变为特征并删除原数据

编号型数据：很长，小数点前超过8位的，直接删除

通过对8类的数据抽样观察，发现，有的8类数据是0.001-0.008的样子，有的是0.045166，0.04864这种，
明显前一个可以直接当做数值型，或者取排名，数值本身有含义，后一个只可能是类别型，数值本身无意义，甚至相对大小也无意义

还有一种，4.2.0.-2几个选项，乱入了507,64，800,4002……，本来4种类别型的数据，变8种

将稀有类别型特征合并：即：占比不到1%的特征，取名

对于0为50%，空值40%的列，空值究竟如何处理？

12.0      40
38.0      40
19.0      41
21.0      42
64.0      43
14.0      44
40.0      44
33.0      45
77.0      45
30.0      47
28.0      48
26.0      51
22.0      52
23.0      53
37.0      54
16.0      57
61.0      64
15.0      66
437.0     68
13.0      71
10.0      72
9.0       77
7.0      121
8.0      130
499.0    135
6.0      173
5.0      249
4.0      282
3.0      513
2.0      550
'''